a_coeff_matrix:
0.50243 0.00432 0.00307 0.00230 0.00177 0.00241 0.00293 0.00242 0.00293 0.00157
0.00192 -0.00032 0.00002 0.00322 -0.00140 0.00371 0.00209 0.00103 0.00056 -0.00094
0.00232 0.00287 0.00042 -0.00026 -0.00128 -0.00043 0.00051 -0.00043 0.00025 -0.00156
0.00222 0.00044 -0.00059 0.00255 -0.00038 0.00301 0.00103 0.00119 0.00107 -0.00038
0.00265 0.00178 -0.00047 0.00079 -0.00018 -0.00039 -0.00001 -0.00080 -0.00098 -0.00090
0.00256 0.00164 -0.00120 0.00152 0.00087 0.00180 -0.00034 0.00140 0.00152 0.00052
0.00288 0.00047 -0.00125 0.00180 0.00095 -0.00018 -0.00081 -0.00109 -0.00182 -0.00023
0.00266 0.00282 -0.00116 0.00056 0.00144 0.00044 -0.00106 0.00151 0.00130 0.00144
0.00277 -0.00057 -0.00133 0.00213 0.00138 0.00026 -0.00160 -0.00100 -0.00156 0.00014
0.00246 0.00349 -0.00031 0.00005 0.00094 -0.00065 -0.00077 0.00138 0.00030 0.00202


b_coeff_matrix:
0.00000 -0.15222 0.00100 -0.00115 0.00026 -0.00046 0.00126 0.00066 0.00045 -0.00020
0.60324 -0.00038 0.00098 0.00062 0.00006 -0.00038 0.00014 0.00011 0.00056 0.00133
0.00146 -0.00075 -0.00164 0.00061 -0.00021 -0.00161 0.00129 0.00071 0.00095 -0.00040
0.11869 -0.00092 0.00238 0.00127 0.00008 -0.00127 0.00004 0.00005 0.00091 0.00256
0.00157 -0.00094 -0.00261 0.00049 -0.00040 -0.00226 0.00217 0.00069 0.00171 -0.00030
0.00291 -0.00079 0.00284 0.00113 0.00062 -0.00141 0.00021 0.00048 0.00091 0.00216
0.00024 -0.00050 -0.00255 -0.00047 -0.00051 -0.00172 0.00237 -0.00016 0.00214 0.00030
-0.03155 -0.00008 0.00224 0.00017 0.00152 -0.00070 0.00061 0.00100 0.00049 0.00041
-0.00127 0.00006 -0.00149 -0.00167 -0.00044 -0.00058 0.00189 -0.00124 0.00219 0.00091
-0.02621 0.00065 0.00101 -0.00103 0.00236 0.00059 0.00117 0.00105 -0.00004 -0.00125


c_coeff_matrix:
0.00000 0.00000 0.00000 0.00000 0.00000 0.00000 0.00000 0.00000 0.00000 0.00000
0.00000 -0.00040 0.00055 -0.00538 0.00006 0.00566 -0.00138 -0.00441 0.00055 0.00321
0.00000 -0.27215 0.00154 -0.01282 0.00069 -0.00111 0.00188 0.00059 0.00049 -0.00047
0.00000 -0.00326 0.00032 -0.00157 -0.00014 0.00127 -0.00068 -0.00074 -0.00023 0.00065
0.00000 -0.18876 0.00067 -0.03733 0.00147 -0.00242 0.00095 -0.00043 0.00031 0.00017
0.00000 -0.00631 -0.00008 0.00291 -0.00035 -0.00412 0.00023 0.00368 -0.00125 -0.00257
0.00000 -0.08805 -0.00018 -0.06021 0.00196 -0.00769 -0.00001 -0.00169 0.00001 0.00048
0.00000 -0.00657 -0.00051 0.00434 -0.00038 -0.00636 0.00072 0.00527 -0.00177 -0.00407
0.00000 -0.00663 -0.00055 -0.06655 0.00159 -0.01770 -0.00055 -0.00334 -0.00033 -0.00008
0.00000 -0.00347 -0.00080 0.00151 -0.00023 -0.00383 0.00045 0.00257 -0.00135 -0.00261


d_coeff_matrix:
0.00000 0.00000 0.00000 0.00000 0.00000 0.00000 0.00000 0.00000 0.00000 0.00000
0.00000 0.00384 0.03805 0.00302 0.00372 0.00376 0.00377 0.00286 0.00278 0.00263
0.00000 0.00026 -0.00337 -0.00023 0.00488 -0.00066 -0.00470 0.00088 0.00338 -0.00083
0.00000 0.00228 0.09039 0.00037 0.00573 0.00207 0.00232 0.00002 0.00011 -0.00041
0.00000 0.00041 -0.00365 -0.00044 0.00599 -0.00090 -0.00573 0.00109 0.00397 -0.00114
0.00000 0.00213 0.10817 0.00028 0.01705 0.00137 0.00267 -0.00073 -0.00007 -0.00141
0.00000 0.00037 -0.00041 -0.00056 0.00256 -0.00064 -0.00227 0.00041 0.00112 -0.00073
0.00000 0.00185 0.08685 0.00105 0.03328 0.00027 0.00470 -0.00092 0.00073 -0.00171
0.00000 0.00013 0.00365 -0.00049 -0.00257 -0.00014 0.00297 -0.00072 -0.00313 0.00017
0.00000 0.00148 0.04206 0.00191 0.04586 -0.00083 0.00980 -0.00093 0.00206 -0.00153
